0 0 1 2 3 4 5 6 7 8 9 10 11 12 13 14 15 16 17 18 19 20 21 22 23 24 25 26 27 28 29 30 31 32 33 34 35 36 37 38 39 40 41 42 43 44 45 46 47 48 49 50 51 52 53 54 55 56 57 58 59 60 61 62 63 64 65 66 67 68 69 70 71 72 73 74 75 76 77 78 79 80 81 82 83 84 85 86 87 88 89 90 91 92 93 94 95 96 97 98 99 100 101 102 103 104 105 106 107 108 109 110 111 112 113 114 115 116 117 118 119 120 121 122 123 124 125 126
1 127 128 129 130 131 132 133 134 135 136 137 138 139 140 141 142 143 144 145 146 147 148 149 150 151 152 153 154 155 156 157 158 159 160 161 162 163 164 165 166 167 168 169 170 171 172 173 174 175
2 176 177 178 179 180 181 182 183 184 185 186 187 188 189 190 191 192 193 194 195 196 197 198 199 200 201 202 203 204 205 206 207 208 209 210 211 212 213 214 215 216 217 218 219 220 221 222 223 224 225 226 227 228 229 230 231 232 233 234 235 236 237 238 160 239 240 241 242 243 244 245 246 247 248 249 250 251 252 253 254 255 256 257 258
3 259 260 244 243 261 262 263 264 265 266 246 267 268 269 270 271 272 273 274 275 276
4 192 205 277 176 278 279 280 281 282 283 284 285 286 287 288 289
5 290 208 277 291 292 293 294 295 296 297 206 298 176 299 300 301 302 303 304 305 306 307 308 309 310 311 312 313 314 315 316 317 318 319 320 321 322 323 324 325 326 327 328 329 330 331 332 333 334 335 336 337 338 339 340 341 342 343 344 345 346 347 348 349 350 351 352 353 354 355 356 357 358 359 360 361 362 363 364 365 366 367 368 369 370 205 371 372 373 374 375 376 183 377 378 379 380 381 382 383 384 385 386 387 388 389 390 391 392 393 394 395 396 397 398 399 400 401 402 403 404 405 406 407 408 409 410 411 412 413 414 415 416 130 417 418 419 420 421 422 423 424 425 426 427 428 429 430 431 432 433 434 435 129 436 131 437 438 439 440 441 442 443 444 445 446 447 448 449 450 451 452 453 454 455 456 457 458 459 460 461 462 463 464 465 466 467 468 469 470 471 472 473 474 475 476 477 478 479 480 481 482 483 165 484 485 486 487 488 489 490 169 491 492 493 494 495 496 497 498 499 500 501 502 503 504 505 506 507 508 509 510 511 512 513 514 515 516 517 518 519 520 521 522 523 524 525 526 527 528 529 530 531 532 533 534 535 536 537 538 539 540 541 160 542 543 544 204 192 545 546 547 548 549 550 551 552 195 202 553
6 176 294 295 324 554 555 556 197 525 557 374 373 293 558 296 559 560 561 562 563 564 565 566 567 568 569 570
7 571 572 573 543 574 575 576 577 578 579 580 581 582 583 584 585 586 587 588 589 590 591 592 593 594 595 596 597 598 599 600 601 602 603 604 605 606 607 608 609 610 611 612 613 614 615 616 617 618
8 372 619 205 620 621 622 623 624 625 626 627 628 629 630 631 632 633 634 635 636 637 638 639 640 641 642 643 644 645 646 647 648 649 587 650 651 652 653 654 655 656 657 658 659 660 661 662 663 664 665 666 667 668 669 670 671 571 672 673 674 675 676 677 678 679 680 681 682 683 684 685 686 687 688 689 690 691 692 693 694 695 696 697 698 699 700 701 702 703 704 705 543 706 707 708 578 709 710 711 712 713 714 715 716 717 718 719 720 721 722 723 724 725 726 727 728 729 730 731 732 733 734 735 736 737 738 739 740 741 742 743 744 745 565 746 747 748 749 750 472 751 752 753 754 755 545 756 757 758 195 759 302 760 761 374 176 762 763 292 206 764 765 301 766 767 768 769 770 771 772 773 774 775 776 777 778 779 780 369 781 782 783 784 297 785 192 786 787 788 789 790 791 305 792 187 793 794 795 796 189 797 798 307 799 800 529 801 802 553 803 804 373 406 805 806 807 370 808 809 810 811 812 208 813 814 815 559 816 141 155 817 818 605 819 594 820 821 822 823 824 825 826 827 828 829 830 831 832 833 834 835 836 837 838 839 840 841 842 843 844 845 846 847 848 849 850 851 852 853 854 855 856 857 858 859 860 861 862 863 864 865 866 867 868 869 870 871 872 873 874 875 876 877 878 879 880 881 882 883 884 885 886 542 887 888 889 890 891 892 893 894
9 895 896 897 898 899 900 901 902 903 904 905 906 907 169 908 168 909 167 490 161 910 911 139 912 913 914 468 915 916 917 918 919 920 921 922 923 924 925 926 927 928 929 930 931 932 933 934 935 936 937 938 939 940 941 942 943 944 945 154 946 947 948 949 950 951 952 953 954 955 956 957 958 959 960 961 962 963 964 965 660 657 966 967 673 968 969 970 971 972 973 974 975 837 976 977 978 979 980 981 665 982 983 984 985 986 987 988 666 713 465 469 989 990 991 992 993 994 659 661 662 663 664 668 995 996 692 997 998 999 1000 1001 1002 155 1003 1004 1005 1006 1007 283 1008 1009 1010 1011 1012 1013 1014 1015 1016 1017 1018 1019 1020 1021 1022 1023 1024 1025 1026 1027 1028 656 1029 714 1030 1031 1032 1033 598 1034 1035 1036 730 1037 1038 1039 554 1040 630 1041 1042 1043 1044 1045 669 1046 1047 1048 1049 1050 1051 1052 1053 1054 888 1055 1056 1057 1058 1059 1060 1061 1062 1063 1064 1065 658 1066 1067 1068 691 1069 1070 838 1071 1072 1073 1074 1075 1076 1077 1078 1079 1080 1081 1082 1083 1084 1085 1086 1087 1088 1089 1090 1091 1092 1093 1094 1095 1096 1097 1098 1099 1100 853 1101 1102 1103 1104 1105 1106 1107 1108
10 176 208 619 205 374 1109 1110 1111 1112 1113 1114 1115 1116 1117 1118 1119 223 1120 1121 1122 1123 1124 1125 1126 1127 1128 1129 1130 1131 1132 1133 1134 1135 1136 1137 1138 1139 1140 1141 1142 179 1143 1144 1145 1146 1147 1148 1149 1150 237 1151 1152 1153 1154 1155 1156 1157 1158 1159 1160 1161 1162 1163 456 211 1164 1165 1166 1167 1168 1169 1170 1171 1172 1173 1174 1175 1176 1177 1178 178 1179 1180 1181 1182 1183 1184 1185 1186 1187 1188 1189 1190 1191 1192 1193 1194 1195 1196 1197 1198 1199 1200 1201 1202 1203 1204 1205 1206 1207 545 369 192 1208 206 1209 553 187 189 1210 1211 1212 1213 1214 1215 1216 1217 1218 1219 1220 1221 1222 1223 1224 1225 1226 1227 1228 1229 1230 1231 1232 1233 1234 1235 1236 1237 1238 1239 1240 1241 1242 1243 1244 1245 1246 1247 1248 1249 1250 1251 229 1252 1253 1254 1255 1256 1257 1258 1259 1260 1261 1262 1263 1264 1265 1266 1267 1268 1269 1270 1271 1272 1273 1274 1275 1276 1277 1278 1279 1280 1281 1282 1283 1284 1285 1286 980 978 1287 1288 1289 1290 1291 1292 1293 1294 180 1295 1296 1297 1298 1299 1300 1301 1302 1303 1304 1305 1306 1307 1308 1309 1310 1311 1312 1313 1314 1315 1316 283 1317 1318 1319 300 1320 805 1321 1322 1323 1324 1325 1326 1327 1328 1329 1330 1331 1332 1333
11 1334 365 342 364 388 389 1335 1336 376 1337 391 1338 341 1339 384 345 387 386 1340 1341 1342 1343 1344 423 1345 425 347 419 1346 420 418 416 385 339 1347 1348 1349 1350 1351 1352 1353 835 1354 1355 1356 1357 827 825 1358 824 829 1359 1360 1361 1362 1363 1364 1365 1366 1367 1368 1369 1370 1371 1372 1373 1374 1375 1376 1377 1378 1379 1380 1381 1382 1383 1384 1385 1386 1387 1388 1389 1390 1391 1392 378 343 1393 1394 1395 1396 1397 1398 1399 338 1400 1401 363 1402 1403 1404 1405 1406 1407 1408 1409 131 1410 482 337 1411 1412 1413 1414 1415 1416 1417 1418 1419 1420 545 1421 1422 316 1208 1423 1424 1425 302 1426 1427 1428 447 1429 801 1430 529 311 195 1431 1432 196 292 1433 1434 1435 1436 1437 1438 550 176 1439 1440 1441 1442 192 1443 1444 298 437 371 369 553 307 1445 1446 1447 1448 1449 1450 1451 1452 1453 129 1454 1455
12 192 93 1456 1457 52 1458 1459 1460 1461
13 187 192 320 321 319 316 293 294 372 205 374 371 176 1462 1463 481 302 1464 1465 1466 1467 1468 1469 1470 1471 1438 1472 1473 1474 1475 1476 1477 1478 1479 1480 1481 1482 1483 1484 1485 1486 1487 1488 1268 1489 1490 1491 1492 1314 1493 1284 1276 1494 1495 1496 1497 1498 1499 1500 1501 1277 1502 1503 1504 1278 1505 1506 1507 1508 1509 1510 1511 1512 1513 1514 1515 1516 1517 1518 1519 1520 1521 1522 1523 1524 258 1525 257 1526 1527 1528 256 1529 1530 1531 1532 1533 1534 1535 1536 1537 1538 1539 1540 1541 1542 1543 1544 1545 1546 1547 1548 1549 1550 1551 203 766 764 1320 1552 1553 1554 1555 1556 1557 450 1558 1559 1560 1561 1562 1563 1422 1564 1565 1566 1567 1568 1569 1570 1571 1572 1573 1574 1575 1576 1577 1578 1579 1580 1581 1582 1583 1584 189 208 1585 1586 1587 553 292 296 304 791 305 325 1588 200 1589 1590 1591 277 1592 536 1593 1594 1317 1595 1287 1147 1596 1597 1598 1599 1600 1601 1602 445 778 451 1603 1604 1605 1606 1607 1608 51 1609 160 529 1610 1611 197 1612 1613 1614 1615 1616 1617 1618 1619 1620 1621 1622 1623 722 1624
14 1625 822 1626 1627 1628 1629 1354 1630 1631 1199 1632 1633 1634 1109 1635 1318 1179 1636 1228 1227 1198 1637 1638 1639 1640 1641 422 419 421 426 385 386 1139 1642 1643 1644 1645 1646 1647 1648 1649 1650 1651 1652 1653 1654 1655 1656 1657 1658 1659 1660 1661 1662 1663 1664 1665 1194 1666 1667 1668 1669 1670 1671 1672 1673 1674 1675 1676 1677 1678 1679 1537 1680 1681 1509 1277 1504 1682 1683 1684 1685 1314 1686 1687 1236 1688 1689 1114 1690 1691 1186 1692 1693 1694 1417 1454 1695 1118 1696 1697 1698 1699 1182 1700 1701 1292 1702 1233 1703 1704 1197 1705
15 290 371 302 619 208 1706 292 296 304 323 624 616 1707 1708 1709 1710 917 1711 1712 989 1713 466 1714 1715 465 713 1716 1717 1718 1719 1720 1721 1722 1723 1724 1725 1726 1727 1728 1729 1730 1037 1731 887 1732 1733 1734 965 1735 1736 1737 1738 1739 1740 1741 673 1742 1743 1744 1745 1746 1747 1748 1749 730 1750 1751 1752 654 1753 1754 1755 1756 1757 699 1758 1759 1760 1761 1762 1763 707 1764 1765 1766 1067 1767 1768 865 1769 1770 1771 1772 1773 1774 837 1775 1776 545 1777 195 1778 1433 1779 1439 1780 1781 1782 1442 1783 1784 1785 196 1786 1787 1788 1789 805 189 293 1790 193 765 1791 1792 1793 369 1794 1424 301 792 187 1795 1796 1797 1798 1799 1800 1801 1802 1803 1804 1805 1806 1807 1192 1808 1809 1810 160 1811 1812 937 888 1813 1814 1815 1816 1817 1818 1819 605 1820 1821 714 1822 1823 1824 1825 572 571 1826 1827 1828 1829 1830 1437 1831 529 1832 1833 1834 192 1835 838 1836 679 1837 1838 1839 1840 1841 1842 674 676 678 680 681 682 683 684 685 686 1843 1844 687 688 695 1845 1846 1847 1848 1849 1850 1851 1852 1853 1854 1855 1856 1857 1858 1859 592 1860 675 1861 1862 991 1863 1864 1865 1866 870 1867 1868 628 1869 1870 1871 1872 1873 677 1874 1875
16 304 1876 1877 1878 1879 1880 917 1881 1829 1882 1883 1884 1885 1886 1076 1887 1888 1889 1890 1891 1892 1893 1894 1895 1896 1897 1898 1899 1900 1901 1902 1903 1904 1905 1906 1907 1908 1909 1910 1911 1912 1913 1914 732 1915 1916 1917 1918 586 1919 1920 1921 1922 1923 1924 1925 1926 1927 1928 1929 1930 744 1931 1932 746 916 1933 1934 1935 474 1936 989 1712 465 1713 1714 466 1715 991 733 714 713 1937 1938 475 1939 1940 1941 1942 1943 1944 1945 1946 846 1947 1948 612 608 1949 728 736 543 1950 878 857 1951 1952 1953 1954 1955 1956 1957 1958 1959 1711 1960 1961 1962 602 1963 1964 1965 1966 1967 1968 1969 1970 1971 566 1861 1972 1973 1974 1975 1976 1977 1840 1978 1979 1980 1981 1982 1983 1984 1985 1986 1042 1987 1988 1989 1990 1991 1992 542 1993 637 1994 1995 1996 1997 1629 832 1998 1999 2000 2001 2002 1628 2003 2004 2005 833 2006 2007 1627 2008 2009 2010 2011 2012 1354 2013 2014 1357 2015 2016 2017 829 827 825 2018 2019 2020 2021 2022 2023 2024 2025 2026 1626 2027 2028 735 2029 2030 1771 2031 2032 2033 2034 2035 2036 2037 2038 2039 702 2040 2041 2042 2043 2044 2045 2046 842 1758 2047 2048 2049 2050 2051 2052 2053 2054 2055 1353 2056 2057 559 307 1433 2058 2059 2060 2061 1552 2062 2063 2064 2065 2066 2067 2068 2069 2070 2071 528 2072 2073 2074 207 2075 192 551 550 2076 2077 2078 2079 2080 2081 2082 2083 2084 1443 2085 2086 2087 2088 2089 2090 2091 2092 2093 2094 1788 1789 1787 196 2095 1425 545 791 2096 1780 2097 2098 290 2099 2100 2101 2102 2103 2104 805 2105 2106 1420 2107 2108 2109 2110 619 2111 2112 2113 2114 2115 2116 296 2117 2118 1586 2119 2120 2121 2122 781 2123 2124 2125 208 1620 2126 2127 556 2128 2129 2130 2131 2132 2133 303 2134 292 2135 810 2136 2137 763 2138 2139 814 2140 2141 2142 2143 2144 2145 194 2146 2147 1591 2148 2149 2150 2151 188 2152 186 2153 802 2154 2155 2156 2157 2158 187 2159 2160
17 2161 2162 375 1804 2163 2164 2165 2166 1306 2167 2168 2169 2170 2171 2172
18 369 2173 2174 2175 211 2176 1625 227 226 2177 1111 2178 2179 2180 2181 2182 2183 2184 2185 2186 2187 328 2188 2189 2190 2191 2192 2193 2194 1638 2195 2196 2197 2198 2199 1195 2200 2201 2202 2203 2204 2205 1636 2206 2207 2208 2209 2210 1218 455 2211 2212 2213 2214 2215 2216 2217 2218 2219 2220 1352 2221 2222 2223 2224 2225 2226 2227 483 2228 2229 1666 2230 2231 2232 2233 2234 2235 2236 1350 2237
19 294 301 2238 1474 2239 311 295 1365 1370 1372 1378 1381 1380 1375 1368 1377 1388 1418 1366 1364 2240 2241 2242 537 342 364 384 313 1615 2243 2244 309 2245 1831 412 2246 440 553 1593 2247 2248 2249 2250 2251 408 2252 525 480 2253 546 2254 2255 2256 2257 2258 2259 388 339 385 2260 378 416 336 2261 2262 299 2263 2264 2265 447 2266 2267 2268 2269 2270 2271 2272 197 1962 476 2273 2274 2275 1910 2276 1042 2277 1870 1762 2278 2279 2280 2281 2282 571 2283 593 2284 2285 710 713 2286 1938 475 989 1929 2287 466 917 916 2288 2289 2290 2291 2292 2293 2294 2295 346 1292 1183 2296 363 2297 129 2298 2299 2300 176 1622 2301 547 2302 189 195 778 779 202 1795 2303 2304 2305 293 792 2306 2307 2308 2309 2310 2311 2312 2313 2314 2315 2316 2317 2318 2319 2320 2321 2322 318 2323 2324 2325 2146 2326 772 1436 479 2327 187 558 2328 2329 2330 2331 2332 2333 2334 2335 2336 2337 2338 2339 2340 2341 160 1478 2342 2343 194 2344 2345 2346 2347 620 437
20 371 374 295 302 619 277 2348 2349 2350 837 2351 2352 2353 155 592 2354 1855 2355 1836 2356 2357 559 1797 192 2358 1777 369 195 2359 189 293 205 1790 1791 1789 1586 206 2360 307 2361 2258 2263 805 552 306 208 2362 806 807 397 2363 2364 2365 2366 2367 2337 2368 2369 1757 2370 571 2371 2372 2373 2374 744 1969 2375 2376 1812 2377 2378 1853 1080 2379 2380 1753 2381 2382 2383 1970 1946 2384 2044 2385 2386 2387 2388 2389 2390 2391 2392 2393 1820 1830 2394 699 1818 2395 2396 839 1823 2397 2398 1973 2399 1096 2036 2400 2401 1717 2402 2403 1105 2404 2405 2406 2407 870 2408 602 1762 2278 1829 2409 564 991 990 2279 2410 2411 2412 2413 2414 1739 628 2415
21 295 2416 2417 2418 129 203 2249 2419 2420 2421 2422 1148 2423 2424 2425 2426 2427 2428 1120 2429 2430 2431 1360 1632 1252 2432 2433 2434 2435 2436 2437 2438 2439 1199 2440 1230 2441 2442 2443 2444 2445 2446 2447 2448 2449 2450 2451 2452 212 210 2453 2454 1302 1263 2455 2456 2457 2458 2459 451 2460 2461 131 2462 2463 1183 2464 2465 205 1591 2466 2324 410 2467 2468 2469 2470 1692 2471 2472 2473 1795 620 197 2474 2475 1225 2476 2477 2478 2479 184 1182 2480 2481 529 812 2482 206 187 401 548 208 2483 198 2484 1437 552 202 2097 2485 189 307 2071 1625 2486 1110 2487 2488 237 2489 2174 229 160 571 1755 2490 872 2491 2492 2493 1299 1143 2494 2495 1307 1231 2496 2497 2498 2499 2500 2501 2502 2503 128 216 2504 2505 2179 2506 2507 2508 2509 1325 1262
22 2510 315 314 318 316 317 319 320 321 189 770 2511 1369 1371 1370 1378 1381 1372 1380 1375 1390 2512 2513 2514 2515 2516 2517 2518 2507 2174 2519 2180 2520 2489 1644 2521 1251 2522 1636 2523
23 205 371 295 2524 2525 2337 2526 559 692 2527 2528 870 1034 2529 997 2530 2531 1072 598 2532 1628 832 2533 2366 2534
24 2535 1109 2536 1699 2537 1663 1249 1625 1451 2538 2539 1302 2421 2540 2541 2542 274 2543 2503 2544 2545 2546 2547 2548 2549 1112 2550 1199 2551 2552 1212 2553 1252 2554 2555 2556 2557 1307 2558 2559 227 2560 2561 2562 2418 2563 2564 2565 1450 559 2566 2567 447 2568 328 2569 2570 2571 1290 1692 2572 2573 2574 2575 2576 2577 179 2578 2579 2580 2581 1141 2582 2583 1646 2584 2585 2586 1325 2587 2588 2589 2590 2591 1195 1254 1674 2592 2593 1449 1189 2594 2595 2596 2597 2598 2599 184 2600 2174 2601 2602 2603 2604 2605 1191 211 237 2456 2606 2607 2608 1412 2609 2225 2610 2611 2612 2507 2613 1810 2614 2615 2616 2617 1453 2618 2619 1417 1364 1366 1377 1387 1383 1386 1385 1384 1388 1390 1375 1380 1371 1378 1381 1372 1368 1365 1369 1370 1258 2620 2621 2622 2623 1636 1228 1695 2624 2625 2626 2627 2628 2629 2457 2453 2454 2630 2185 2631 2632 2633 2634 2635 2636 2637 673 877 677 1855 2638 989 1938 744 2639 2640 2525 1295 2641 2642 2643 2508 1233 1262 2179 2644 2645 1500 2646 2647 2648 1509 2649 1493
25 205 1855 1845 1846 1857 1853 1852 1850 1851 1848 1847 1849 525 1023 2650 2651 1015 2652 2653 2654 2655 1017 2656 1551 2657 853 1799 2658 2019 653 642 2659 296 2660 1760 2276 675 2337 2661 2662 2663 2404 2664 2665 2666 1870 2667 722 2668 1283 1684 1685 1488 2669 2670 2671 2672 2635 2673 1421 553 2249 369 2674 199 2675 2676 1829 2677 2678 2679 2680 141 1811 2681 2682 1965
26 292 291 553 296 294 295 293 372 374 205 176 187 2683 2684 2685 2659 2686 2687 2688 2689 2690 2691 2692 2693 2694 2695 2696 2697 2698 2699 2700 2701 2702 2703 2704 2705 2706 2707 2708 2709 2710 2711 2712 2713 2714 2715 2716 2717 2718 2719 2720 2721 2722 2723 2724 2725 2726 2727 2728 2729 2730 2731 2732 2733 2734 2735 2736 2737 2738 2739 2740 2741 2742 2743 2744 2745 2746 2747 2748 2749 2750 2751 2752 2753 2754 2755 2756 2757 2758 2759 2760 2761 2762 2763 2764 2765 2766 2767 2768 2769 2770 2771 2772 2773 2774 2775 2776 2777 2778 2779 2780 2781 2782 2783 2784 2785 2786 2787 2788 2789 2790 2791 2792 2793 2794 2795 927 2796 2797 2798 923 2799 2800 2801 2802 2803 2804 2805 2806 2807 2808 2809 2810 2811 2812 2813 2814 2815 2816 2817 2818 2819 2820 2821 2822 2823 2824 2825 2826 2827 2828 2829 2830 2831 2832 2833 2834 2835 2836 2837 2838 2839 2840 2841 2842 2843 2844 2845 2846 2847 2848 2849 2850 2851 2852 2853 2854 2855 2856 2857 2858 2859 2860 2861 2862 2863 2864 2865 2866 2867 2868 2869 2870 2871 2872 2873 2874 2875 2876 2877 2878 2879 2880 2881 2882 2883 2884 2885 290 783 2137 303 277 2485 793 208 2886 2096 2125 2887 809 757 189 2888 796 196 1424 2889 2890 2891 2892 2893 2097 2894 620 298 2289 206 323 805 306 307 324 325 2895 314 315 317 318 316 2896 2897 304 370 2898 1433 1779 2899 305 2900 2901 2902 2903 776 778 779 192 2904 1784 2905 545 302 2906 1443 195 369 559 2907 141 2908 2909 2910 2911 2912 913 2913 985 912 2914 2915 2057 2056
27 374 205 294 295 189 2797 2916 1709 2917 692 2918 2919 655 628 2920 2921 2922 746 2923 2924 2925 2680 1104 2926 2927 997 2382 2928 605 2929 600 2930 722 2931 1685 2932 2933 2934 1732 466 2935 2936 2525 1811 2937 2938 1963 2939 2940 2337 2941 2942 2943 2944 2667 888 2945 2946 2947 2948 2949 2950 2951 2952 1760 2953 818 737 2954 2955 2956 2676 654 2396 817 2957 2958 2410 2959 1072 2960 2961 2962 2963 2964 2965 473
28 2797 2923 838 2966 992 2967 2968 2404 2969 2970 656 2971 2635 2972 2973 993 2974 941 2975 2050 2976 2977 2978 1960 2979 2405 2980 2981 1101 2982 2983 2984 988 1065 2985 2986 2916 2987 2988 2989 2990 2991 2992 2993 1062 1054 2994 937 2995 2996 938 2997 2998 2999 3000 1105 3001 3002 3003 1003 155 3004 973 972 1609 3005 3006 722 3007 3008 3009 3010 3011 3012 965 3013 2965 1064 1089 1104 692 1965 3014 2276 3015 932 2960 3016 3017 1053 3018
29 3019 3020 1005 1436 296 3021 447 3022 3023 1831 1795 3024 408 3025 3026 3027 2266 3028 2362 3029 1473 3030 3031 208 2484 374 772 769 765 2322 3032 3033 1610 3034 3035 3036 2347 2255 1422 3037 3038 3039 2417 2346 198 3040 192 788 2464 2127 3041 3042 307 3043 1601 806 3044 801 3045 3046 3047 440 3048 3049 2295 3050 3051 2310 2321 451 3052 2289 3053 2153 3054 3055 3056 3057 3058 3059 3060 283 2220 3061 3062 3063 3064 266 3065 3066 265 3067 3068 3069 3070 1556 2317 2148 3071 2461 160 2976 3072 3073 3074 3075 3076 3077 3078 802 3079 623 3080 176 3081 310 557 3082 3083 3084 3085 3086 1832 3087 3088 3089 805 1617 197 3090 1562 2483 3091 3092 3093 3094 1569 3095 3096 3097 3098 3099 1593 1437 194 205 3100 1602 3101 2568 3102 3103 3104 3105 3106 3107 3108 3109 2067 537 559
30 372 619 3110 1292 3111 3112 3113 367 3114 3115
31 295 3116 3117 2382 566 3118 3119 3120 2956 991 744 997 580 821 3121 3122 3123 2379 729 3124 654 730 1755 2366 2773 3125 3126 2699 3127 642 3128 3129 1986 1798 3130 2281 1842 3131 2963 3132 559 2900 779 3133 292 794 3134 189 2362 209 3135 3136 192 792 814 369 3137 2319 3138 307 3139 2387 3140 3141 933 944 3142 2492
32 369 293 192 559 3143 3144 3145 3146 3147 3148 3149 3150 3151 3152 3153 3154 3155 3156 3157 3158 3159 3160 3161 3162 3163 3164 3165 3166 3167 3168 3169 3170 1811 3171 3172 1502 1537 3173 3174 3175 3176 3177 3178 3179 3180 3181 3182 3183
33 620 294 372 374 3184 3185 3186 3187 3188 3189 3190 1609 3191 3192 3193 571 3194 466 3195 3196 3197 468 3198 462 461 3199 3200 3201 467 3202 3203 3204 3205 3206 1002 1003 155 3004 3207 3208 3209 3210 3211 3212 3213 3214 978 3215 3216 3217 3218 3219 3220 1217 2405 2276 3221 3222 3223 3224 3225 3154 371 778 776 779 800 3226 790 1428 208 1593 189 205 3227 201 176 792 3228 559 3229 628 677 934 3230 3231 3232 3233 3234 3235 3236 3237 3238 3239 3240 3241 3141 3242 3243 3244 868 1076 3245 3246 3247 1933 3248 642 3249 3250 3251 3252 3253 3254 3255 3256 3257 3258 3259 3260 3261 3262 3263 2372 141 3264
34 192 208 3265 3266 302 369 3267 2111 307 3268 559 283 3269 3270 3271 3272 3273 3274 3275 3276 3277 3278 3279 3280 3281 3282 3283 3256 3284 3285 3286 3287 3288 3289 3290 3291 3292 1811 562 3293 628 3294 3295 165
35 917 1930 600 3296 2914 1939 1933 3206 3297 1841 3298 3299 559 545 2097 619 189 2113 3300 3301 775 805 3302 3303 192 3304 3305 3306 3307 3308 3309 3310 3311 628 714 3312 3313 3314 3315 3316 3317 3318 3319 3320 3321 2534 3322 3323 1920 3324 3325 2649 3326 3327 2414 3328 3329 3330 1909 3331 590 1038 2663 2962 2404 3332 3333 1650 3334 3335 3336 3337 3338 3339 3340 3341 3342 3343 3344 3345 3346 2365 3347 3348 1937 3349 468 3350 2664 3351 3352 1899 3353 616 3354 3355 3356 2397 1039 3357 1083 3358 3359 3360 3361 3154 3362 3363 3364 3365 3366 1096 668 3367 3368 3369 3370 3371 3372 957 3373 937 3374 564
36 3375 2797 2923 714 3376 692 3377 3378 3379 697 2964 945 3380 3234 3381 2937 3382 3383 3384 1875 585 3385 3386 3387 3388 3251 2922 607 2396 3389 3390 473 3391 3392 3393 3394 3395 3396 3397 3398
37 369 192 3399 3400 3401 3402 3403 3404 3405 3406 3407 3408 3409 3410 1513 3411 3412 3413 1285 3414 1504 3415 3416 3417 3418 2850 3419 3420 3421 1208 187 3422 1779 189 2900 2305 3096 3134 2362 209 307 814 559 3423 3424 3425 3426 3427 3428 3429 3430 2667 467 844 468 2938
38 187 170 502 3431 3432 3433 3434 3435 3436 3437 141 3438 3439 3440 3441 3442 3443 3444 3445 3446 3447 3448 3449 3450 3451 3452 1705 3453 3454 2298 3455 1302 3456 3457 3458 3459 3460 3461 1331 3462 545 1788 2081 293 199 3463 552 3464 3465 3466 3467 1433 369 2900 551 550 779 778 195 1792 1782 192 3468 1783 3469 621 782 208 3470 3471 3266 553 3472 792 3473 3474 3475 3476 3477 3478 3479 3480 3481 3482 3483 3484 3485 3486 1811 2163 375 3487 3488 3489 3490 3491 3492 3493 3494 3495 3496 3497 3498 1203 3499 3500 3501 3502 3503 3504 2773 3505 642 3506 3507 3508 3509 3510 3511 3512 3513 3514 3515 3516 3517 3518 3519 3520 2337 3521 3522 2602 1307 3523 3524 3525 3526 3527 3528 3529 1640
39 187 369 3530 3531 1072 3532 2798 3533 3534 3535 3536